恐惧回收A 本回合攻击单位后回复生命 0 0 0 2 1 0 0 0 0 0 0 0 7 0 0
血蝶飞舞A 本回合攻击力增加 0 0 0 0 0 3 1 0 0 0 0 0 7 0
最初四格林EX 立即回复一定生命 0 0 0 4 0 0 0 0 0 0 0 0 7 0 0
绝对零度A 本回合攻击力增加 0 0 0 0 0 3 1 0 0 0 0 0 7 0 0
与人同行A 对方防御力减少4回合 4 -5 0 0 0 0 0 0 0 0 0 1 7 0 0
能力模拟EX 本回合攻击力增加并模拟对方攻击力 0 0 0 0 0 1 1 0 0 0 0 2 7 0 0
统领特权EX 本回合攻击力增加 0 0 0 0 0 5 1 0 0 0 0 0 7 0 0
夜幕笼罩A++ 防御力增加1回合 1 10 0 0 0 0 0 0 0 0 0 0 7 0 0
瘟疫感染A 令敌方生命值不断受损3回合 0 0 0 0 0 0 0 3 3 0 0 1 7 0 0
无冕之王C++ 降低对方攻击力3回合 0 0 0 0 0 -2 3 0 0 0 0 1 7 0 0
瘟疫感染C 令敌方生命值不断受损3回合 0 0 0 0 0 0 0 3 2 0 0 1 7 0 0
白骨相拥A++ 令自己攻击力提升3回合 0 0 0 0 0 2 3 0 0 0 0 0 7 0
灵龛EX 立即回复少量生命 0 0 0 2 0 0 0 0 0 0 0 0 7 0 0
统领特权C 本回合攻击力增加 0 0 0 0 0 3 1 0 0 0 0 0 7 0 0
粒子注入A 持续回复自己生命 0 0 0 3 3 0 0 0 0 0 0 0 7 0 0
代理人C++ 防御力增加3回合 3 5 0 0 0 0 0 0 0 0 0 0 7 0 0
格林C 立即恢复大量生命 0 0 0 5 0 0 0 0 0 0 0 0 100 0 0